$ANSIBLE_VAULT;1.1;AES256
39616134623461316137623562343038326336363133633439366430643566393564616532633636
3161336335346337623336666530663163333935313761620a316437663265313038643730653764
37646137346336336363386164633930363666656232333032333535386637306435613466636633
3362646235383139620a623232663466656338356339323465323438326563386438323539616262
61653961346137346437383765353163346530353532363535623830643332623533383537626435
66373764383132396332303731366634643239623632363663363761636239623463346366396264
61666437323663386435663430373065336331666361396463623934336565303133646636383736
66333934343536613061396139306465653433626462663834643164666465653038336530383063
31363136333939393262333862636432346530363863643463356237633033653864353637666262
34303434656564383331643664326235386165326663653234633537623566323462336338626632
30346235306338623161383633393035383061663162333138326332663138373236373137393138
32383731643334356361316661663736323439316665663839636265353231326339333366666662
32616465643238363330653033306437323836343131633331333539323838343039313965643962
66363663623230383963656332323039323339653334313736626439656464383035363936636539
66333066633732326331613731636165313261316131353661376361616237313538313662373538
33653037646663666365636665343664356566646661323633333264323533643463306464613665
64363938626436396636333734616432636565353362643537636165616466386562656163326165
66383164663764623632636336636662396530376337396337313963323936643163613766363839
63316532633362343837373465343663643863396638346536336639366537663939653266353565
36326663356663656334383764366337303365386164646162373733323531623064353936323164
31356530653661663363633462663731623332333766366163323161313661353266356238613666
64646533616561656237396233653835356230653534663531303536383764333165363233383639
34613064356638393966326666323632353936633863336661316261393732643938323433353064
32323630373430636437376661323236613637623461663664623932656436653134393838626333
30656363366535356639633264616630633833303961396534336335326337323334
