$ANSIBLE_VAULT;1.1;AES256
65383939653564346165303630623063653334376133393837303038643433393734616331353131
6530623835373239613534343862373731303937303834640a343735633563623937653266373561
33343063383263366333326332666638303366636635396366366464373134633934306363653432
3637343135613931650a373934653866653837326461313330623362353135396161316165653761
31313132383864373338323439313636393137373966303632356339306535376466643139386430
63663465366138616630353962663538363333343562393335323461326534346636326435306434
30633130656637623133376366663664313833636266343862643636623164343037333464633535
63313666313261383936363433303864656434616266363464386537666633663661623333333636
36343833613236663162663431653037326332323636626666356439386465653334646436343937
66353432663265303662613039613734306566346338396233643233633664373130613734303230
33616666383732303630616462373061313337666235346661313430396132363533353461333464
66356535353137613437316361613962656263633961313034356632386537323661373434363965
66323262653035353965653064363036663833343563616539346666323464373863383037303132
3661303364353865373735366537666230653564663033383231
